cNetwork_1
1 255 204 204 255
Network_2
2 204 0 0 255
Network_3
3 255 255 204 255
Network_4
4 0 0 102 255
Network_5
5 102 25 25 255
Network_6
6 58 204 0 255
Network_7
7 0 51 102 255
Network_8
8 255 191 245 255
Network_9
9 204 0 174 255
Network_10
10 204 255 204 255
Network_11
11 204 255 255 255
Network_12
12 102 0 51 255
Network_13
13 204 204 255 255
Network_14
14 51 51 0 255
Network_15
15 0 51 0 255
Network_16
16 102 0 102 255
Network_17
17 204 189 102 255
Network_18
18 76 91 102 255
Network_19
19 102 76 76 255
Network_20
20 167 204 153 255
Network_21
21 71 38 153 255
Network_22
22 163 255 127 255
Network_23
23 153 147 114 255
Network_24
24 0 58 102 255
Network_25
25 102 160 204 255
Network_26
26 51 102 80 255
Network_27
27 72 0 255 255
Network_28
28 255 191 191 255
Network_29
29 125 114 153 255
Network_30
30 255 218 0 255
Network_31
31 153 182 204 255
Network_32
32 0 102 58 255
Network_33
33 153 114 147 255
Network_34
34 102 0 87 255
Network_35
35 65 51 102 255
Network_36
36 255 63 63 255
Network_37
37 163 127 255 255
Network_38
38 255 153 0 255
Network_39
39 204 102 189 255
Network_40
40 43 0 153 255
Network_41
41 0 178 255 255
Network_42
42 25 102 69 255
Network_43
43 29 0 100 255
Network_44
44 102 0 0 255
Network_45
45 255 127 127 255
Network_46
46 153 142 76 255
Network_47
47 0 220 255 255
Network_48
48 38 153 103 255
Network_49
49 114 136 153 255
Network_50
50 76 120 153 255
Network_51
51 114 153 136 255
Network_52
52 204 153 196 255
Network_53
53 204 51 51 255
Network_54
54 204 174 0 255
Network_55
55 204 182 51 255
Network_56
56 63 255 173 255
Network_57
57 127 200 255 255
Network_58
58 255 0 0 255
Network_59
59 153 38 136 255
Network_60
60 25 69 102 255
Network_61
61 153 0 0 255
Network_62
62 76 153 120 255
Network_63
63 153 76 142 255
Network_64
64 0 87 153 255
Network_65
65 153 38 38 255
Network_66
66 204 102 102 255
Network_67
67 63 173 255 255
Network_68
68 98 76 153 255
Network_69
69 76 102 91 255
Network_70
70 43 153 0 255
Network_71
71 102 76 98 255
Network_72
72 38 103 153 255
Network_73
73 153 136 38 255
Network_74
74 0 255 145 255
Network_75
75 102 87 0 255
Network_76
76 153 0 131 255
Network_77
77 255 63 227 255
Network_78
78 72 255 0 255
Network_79
79 0 204 116 255
Network_80
80 255 227 63 255
Network_81
81 204 153 153 255
Network_82
82 83 76 102 255
Network_83
83 209 255 191 255
Network_84
84 47 102 25 255
Network_85
85 167 153 204 255
Network_86
86 102 94 51 255
Network_87
87 204 51 182 255
Network_88
88 102 98 76 255
Network_89
89 255 0 218 255
Network_90
90 29 102 0 255
Network_91
91 47 25 102 255
Network_92
92 102 51 94 255
Network_93
93 153 114 114 255
Network_94
94 255 127 236 255
Network_95
95 255 245 191 255
Network_96
96 125 153 114 255
Network_97
97 51 138 204 255
Network_98
98 191 255 227 255
Network_99
99 118 255 63 255
Network_100
100 131 102 204 255
Network_101
101 102 25 91 255
Network_102
102 255 236 127 255
Network_103
103 0 116 204 255
Network_104
104 118 63 255 255
Network_105
105 65 102 51 255
Network_106
106 51 204 138 255
Network_107
107 0 145 255 255
Network_108
108 102 91 25 255
